-28.844755 18.788762
-1.353513 -10.603085
-6.801849 7.725351
5.016375 -11.244758
-2.301610 -2.113191
3.238297 -13.481383
-6.073392 5.576820
11.376736 -10.350853
-4.370106 16.007706
12.953020 -1.001569
-0.832611 1.192120
14.795122 -14.367194
-8.097209 23.179680
-8.885216 5.447604
-7.793294 3.349116
-12.682588 1.237275
-1.767082 8.917855
-18.493557 7.897035
-0.733314 -3.941004
1.237085 6.423827
-2.331363 -1.268590
1.418758 -2.374361
7.982570 -1.855424
5.183411 3.565723
2.830093 0.896507
0.694269 -4.844163
0.565987 -0.567076
-3.278005 7.665072
2.132598 8.867654
4.437314 -3.816994
10.982300 -5.544920
6.937631 -4.778019
13.673224 -24.300036
3.988453 7.242281
-6.030641 -0.765542
-2.701345 -1.462352
6.442409 1.732378
-4.799076 5.870364
7.002415 -9.777833
5.931732 -2.514339
-3.013537 7.739477
-6.052686 2.543698
-1.951898 7.666851
8.924104 4.644300
-1.354658 -7.387810
7.849717 -8.360184
-0.814730 5.224309
-12.902110 1.766283
9.397778 -6.123632
-6.062596 5.882176
10.991411 -15.301003
7.644690 -15.495126
0.880122 4.843583
10.317564 -6.367725
-1.592437 -0.090310
5.047485 -14.593867
-4.948180 2.763356
11.409891 0.152133
-4.091186 4.786683
-13.804897 13.468830
-3.069976 6.192188
-12.615394 7.889521
-2.862432 -3.317012
-5.198410 6.080931
-4.419157 15.106770
4.612922 -3.683092
-7.691772 0.753676
10.130894 -4.485630
1.467031 -2.548069
-1.202536 7.574795
-3.063523 9.193535
0.197995 3.522788
3.173553 5.603056
0.238237 1.013671
-6.141011 3.885795
-5.460096 -7.273600
-2.093657 4.602241
3.765328 -9.058761
18.629200 -19.269024
8.259389 -5.929233
6.470613 0.995558
-4.366279 1.412390
5.148375 0.981287
4.411321 -1.511557
-8.064283 -6.780971
8.085170 -11.979589
-0.983041 10.564793
-8.454783 -5.481254
-3.161392 -0.943213
-3.696698 -3.446639
11.840304 -2.597146
28.252224 -18.770887
0.934880 -4.643908
13.476035 -5.186328
8.007501 -7.319398
-12.066619 16.223167
-4.539951 -0.372312
8.730912 -5.234438
7.051986 1.638185
1.403123 4.421898
5.526371 3.520592
-8.003518 6.498217
6.521788 -0.765229
7.101499 -9.006087
3.992499 -6.733503
-1.099462 12.153457
12.925217 -13.323013
8.787855 -8.898114
-16.176944 5.376835
-11.272604 17.131613
2.940145 -2.142063
0.785812 2.446274
-4.587578 -7.496781
7.307118 1.699787
-7.486580 3.335691
-7.781934 9.652826
-7.438608 2.066649
0.139069 -3.624528
-4.618702 -2.125347
-2.675035 8.007222
-7.471091 -5.496571
4.193128 -8.501799
9.968724 1.062864
-5.616841 -1.107322
-1.408690 7.300786
9.374697 -5.313913
-5.948642 2.402719
-5.719313 -0.722819
4.641045 -0.883382
2.263459 -7.749301
-3.290433 1.282292
6.187683 -4.675527
5.818753 -6.752417
-12.011370 7.484108
9.839206 -0.174577
4.673444 -15.597107
-2.148794 -1.862149
-0.299522 12.392415
17.794391 -10.425291
-0.177567 -5.856708
-6.137558 8.625773
1.656821 7.358783
-8.776509 8.710295
0.072576 12.218723
0.383436 4.690401
3.664487 -4.774010
-2.392417 -1.242336
8.408719 -12.190167
16.033055 -10.269532
-5.240425 4.483442
5.811416 -7.726752
5.799516 -17.215207
0.076426 5.783837
-15.249679 14.773149
2.844148 8.943216
-3.196255 2.283763
6.936409 -2.709380
-3.205942 9.000050
-1.777220 -6.278203
-3.304295 8.837907
-6.602333 5.375752
-3.429935 7.759161
-16.862706 -5.007674
-16.137087 5.552684
-3.726958 3.931655
-5.343114 5.448149
-2.629343 -6.964019
-1.788141 7.808798
-2.228145 0.669008
-4.589595 13.944696
-7.714954 -6.512389
-2.415807 0.976555
-0.804391 17.397381
-17.405446 4.374197
2.320421 -13.992924
-4.224498 2.040947
1.203536 -5.739209
21.724189 -7.062640
-6.328887 2.383009
13.791088 -8.818656
-14.170684 4.794412
0.319497 9.082370
-9.547589 1.067183
-0.556440 -3.839193
-8.709379 3.561652
2.463488 -5.239682
-14.576450 4.432643
4.547310 4.990899
3.092121 -14.231532
-11.202155 18.423288
1.123344 5.936054
5.017909 2.645763
11.754979 -4.836630
4.788207 -1.330710
-2.787843 -8.107790
-0.792124 -2.432026
-5.877701 2.274158
2.313274 -10.222980
3.360886 -12.546063
6.100856 6.032198
7.413749 -8.158041
19.090878 -10.721620
-5.414116 8.978922
6.816950 8.513347
2.050461 1.318025
14.695497 -4.890668
2.972769 -1.689183
19.456252 -13.152385
6.309018 -11.639110
-6.782317 10.713437
0.221033 -2.229227
1.015906 -7.644759
-3.028625 6.655153
11.774114 -11.457730
6.575355 -8.822520
5.323386 4.250989
3.419954 3.891900
4.763301 -6.840625
4.132370 -9.934084
16.683549 -24.736601
-1.867305 -5.078651
7.535598 -1.747331
-4.983895 13.207536
-14.559758 26.078606
-15.145086 1.803991
4.416528 -2.848590
-4.349286 0.453961
-0.897414 -4.846463
-6.796687 -0.526860
-11.654460 -1.301617
-1.798063 -3.752157
5.797501 -19.485225
-4.977553 -1.404739
-17.370686 12.338202
2.574551 -1.739594
11.447228 -2.461288
-1.452659 0.524513
7.205993 -12.397010
-8.117870 -1.285514
11.990622 -1.752647
-12.630071 11.026997
3.510157 -1.522235
-2.415324 3.561151
-4.600544 -10.965620
12.037672 -14.163757
1.625454 -5.289255
-10.339682 13.699609
-11.722257 -11.910146
-8.019172 16.323861
10.542935 -11.044206
8.784138 9.256326
6.637600 6.262784
-14.655883 5.264854
2.585200 -3.888310
-3.909566 -8.641993
-6.413890 0.901652
-2.539917 3.392418
-2.698672 0.241819
-14.206332 3.812117
-4.855639 8.385599
-2.649224 2.038413
-8.043853 6.364300
-5.796174 12.844024
11.140530 -8.804433
3.837883 0.680724
-7.300816 17.733516
8.110159 -4.982971
12.383123 -1.812529
-5.420396 7.296860
-5.661446 -1.050819
-7.764025 -0.524601
0.805031 -9.061250
5.693365 1.184644
0.820344 -2.420453
9.269981 -10.032206
6.339123 -14.250507
-5.631977 8.282970
-5.058576 -1.539181
4.609536 12.289683
-6.522280 12.884340
-2.433888 -0.787901
2.760181 -6.180640
-4.817887 10.620196
0.338702 2.627405
-10.874834 6.700832
-6.114375 -4.028784
-3.164041 -2.237346
5.629502 -1.411149
4.483479 8.071960
3.618720 -6.906235
-10.492610 9.385544
8.344097 -16.516276
-13.256766 11.834981
-4.801532 7.252949
6.804499 -3.511662
17.786335 -10.494257
-4.133824 19.083722
-8.669214 -1.603867
-6.736246 15.299367
-14.703523 0.053908
4.486218 0.893372
-6.523951 2.507037
-7.146778 5.371266
-16.757512 12.474715
15.731184 -18.487630
7.785091 -9.428669
-6.074368 4.984898
-5.091639 -0.722628
-4.403920 10.807658
-1.701985 -14.401858
14.844144 -9.876260
-2.956225 -7.604859
0.164603 11.032229
8.741155 -8.251835
-9.275109 8.827828
-3.154386 -3.913329
-1.738759 9.478522
3.135461 -4.602433
6.815719 -6.933077
-19.088125 12.504121
-1.650399 4.151388
2.992365 7.633092
-20.652272 8.284530
10.187105 -9.056475
-15.357686 20.477630
2.852148 -4.366808
-6.083207 -3.367273
-0.758287 -5.787408
-4.071866 2.262695
8.051423 -4.619491
-4.112287 5.244748
-8.073914 4.207469
-0.407340 -6.461977
-0.872804 6.111432
8.316779 12.964754
6.313141 3.985799
-1.691957 5.370763
4.022635 -1.520945
-5.956173 1.853713
2.895927 0.160157
4.168969 -8.732798
4.324536 -5.405290
6.684469 -14.071501
3.868712 -5.242056
1.838207 -4.412138
5.817340 0.442544
2.805806 4.113182
-7.157687 -4.531912
4.470623 -0.180758
-5.417061 6.110605
-1.914967 -12.930807
4.195849 -1.407102
-12.141640 7.313754
-3.659702 -4.968331
-8.150395 -4.573407
0.736904 -0.668896
-5.439549 -0.713419
14.780524 -8.992871
-10.143007 -0.033301
-4.658437 3.197838
-3.057254 -6.726799
-12.411741 3.191529
9.205589 2.398850
0.500478 1.179873
-7.305518 -11.987733
15.132577 -11.139419
-3.753562 21.374326
-0.904299 6.432919
-5.772299 10.471792
-17.043284 12.703652
-0.595843 5.685747
2.343050 -6.885674
-8.833505 5.467414
-14.868576 18.514518
-7.824540 12.976436
-3.658443 3.981127
-17.431064 11.158324
-1.840582 -3.925401
0.714679 -3.797344
3.124540 -11.464099
-3.441961 -3.179681
-1.732604 -2.582104
2.096499 -4.113100
-3.204683 2.788607
9.899755 -4.229711
-0.052882 -9.082627
8.483653 -0.412453
-25.704702 3.492606
5.653930 -3.678900
-6.578568 16.796326
-0.699460 -5.065176
13.872654 -3.180602
-2.722486 17.041667
18.434866 -21.133643
7.310192 -5.130140
-3.085061 0.807262
9.689546 -8.480437
-5.525598 12.998815
-1.896308 -4.489734
0.307564 -17.571923
-14.600380 4.095384
7.285623 -8.085833
6.202517 2.353648
-3.169581 -7.569368
-9.644818 10.903039
7.758229 -3.522626
-0.580020 -0.671614
-11.379492 15.099592
5.809515 -5.855394
-5.132670 1.214436
5.361994 -7.654197
1.448561 4.474603
1.754421 5.535195
-5.584848 -1.952134
-13.040274 9.618818
6.787026 -9.283643
-2.548814 -3.752940
-5.330167 7.628248
-2.502094 -2.236227
0.803274 0.209588
3.914118 -7.566183
4.538480 -8.094535
-7.965813 8.515757
4.000842 -9.727571
2.145090 0.116984
9.032801 2.200033
4.211930 -6.237848
7.505203 -5.744126
7.225654 -5.791551
-8.416424 6.304100
10.011171 -6.632916
0.664794 -0.211325
7.892617 -5.672121
-12.682069 1.484097
0.577283 9.028638
-3.779987 7.255792
6.170956 2.901353
5.815807 -0.426731
-8.546021 8.144857
-3.373060 5.232804
-2.558069 22.218381
10.410468 -3.260721
-2.620980 -1.708874
-3.439049 0.778537
-6.827189 6.231469
-3.219348 -2.323961
-1.823076 2.269191
10.924947 -4.404679
-0.057141 -2.796541
9.686817 -4.085778
-1.598306 -2.132517
-11.090414 20.091568
2.870356 -1.809409
9.749780 3.281125
-16.282573 8.346291
-15.699104 5.814913
-6.136871 -0.729434
3.410595 -6.237010
1.120136 4.919660
-1.725799 4.916706
-0.177207 -0.318358
11.562238 -0.499135
8.490140 0.342313
5.940604 1.002577
1.677602 0.198710
1.361261 7.892910
11.538799 2.234366
-6.363534 -11.014409
2.056431 -5.608675
-19.879639 27.865487
-1.438678 -7.314222
-8.648800 8.932947
3.066340 2.290929
8.460819 -4.266568
1.356958 -3.119854
4.374291 -2.936710
-8.806357 2.583888
-2.491464 -2.902784
6.724500 -12.987115
3.797866 0.791416
8.521020 -6.085021
-1.878767 -5.924096
6.300759 -5.409255
-6.196860 4.358020
1.069714 -3.180141
0.613212 3.865088
-9.028937 10.123507
-16.919261 2.911298
-10.104028 -16.295114
3.594862 1.596286
15.192380 -10.361795
6.832785 -5.543735
-8.193184 -1.562840
-3.446962 5.298106
-1.405728 0.383769
-10.132786 11.725103
4.094334 -2.343458
15.343631 -3.483507
8.699330 -15.571078
-3.747638 11.470054
5.000681 -3.689796
2.547127 1.977632
1.505449 1.773776
8.514859 2.541956
1.900031 -11.886201
1.597655 -3.969108
-4.478161 1.874770
16.191574 -0.336593
-2.916539 13.155597
7.654634 0.556201
-3.556458 1.224359
4.559951 -8.656536
-4.975435 -3.020746
0.229543 -0.279179
0.434039 -3.615610
-4.843059 14.676691
10.272202 -0.412983
-0.898199 -0.730487
6.220856 -5.107666
-0.515178 -5.598993
-0.218635 -4.818540
-9.880256 -4.275336
-9.831836 1.826589
1.336770 -3.236189
-6.442201 -11.894915
9.152646 -8.727177
-7.611338 13.565730
8.576196 -15.208364
4.520578 3.776292
2.947631 -5.888966
13.419616 -10.929799
3.219498 1.830453
-0.933859 -6.245197
-0.219811 3.706951
7.649256 -8.054664
-3.750134 0.766807
-0.938590 -10.290601
-2.978089 10.368142
-20.409923 13.530543
10.288238 -3.725925
5.396330 -11.681398
9.450782 -14.096666
2.575553 -14.275934
-2.592898 3.715784
-12.720101 3.531724
-8.091601 2.740404
9.696613 -8.738716
3.912151 -0.973509
2.550227 8.537506
-6.900382 4.569210
-2.242007 0.962768
-3.175720 5.452611
-2.529709 -1.937348
-14.786806 13.322216
20.183444 -19.315628
-0.381044 5.035047
-2.742646 3.496488
5.684137 -4.080516
7.221200 -6.194569
5.468590 -6.661800
-6.256715 -1.752992
-0.116470 -10.223344
-7.302490 3.515402
1.653485 -11.234659
-4.507167 -4.303511
10.646337 -9.716402
-9.102712 2.958577
-3.908066 10.266697
4.616027 13.768289
2.960702 -7.749441
6.415522 -10.234660
-10.597628 8.573139
19.435265 -22.890573
-2.785863 4.243778
-0.384571 5.567486
-7.087155 7.152013
8.315679 -6.467168
5.951092 3.853448
0.633122 -2.597918
-2.085914 0.878305
8.198729 -4.809722
1.228356 7.685852
9.320102 -5.298719
0.500351 2.946659
3.514085 -5.546201
5.093282 2.025525
-12.584022 8.379361
1.830080 1.833233
-6.987264 -3.851222
2.327184 1.429958
-10.047816 14.271653
-3.810229 2.275877
18.546273 -19.109727
-18.036211 6.590582
10.731307 -0.521728
8.990501 5.583763
7.073175 -9.168819
19.384436 -11.062244
3.183987 7.054529
-7.883823 8.366613
6.234981 -10.523703
1.575314 5.310714
-4.528445 9.521778
-2.465714 1.797388
-0.871231 -3.211862
-5.219136 2.629042
0.150079 3.244460
0.963096 1.526068
-1.655437 -0.713627
-4.851232 -9.321533
7.751224 -0.018211
20.850918 -15.928298
2.377845 -9.134846
14.704484 -13.422680
-0.459183 -10.845036
-1.457201 -3.221106
1.132571 5.030323
3.198770 -5.549987
2.262444 1.878264
8.854217 -7.652532
17.312179 -14.214253
-7.156023 -2.763639
8.277036 0.279774
9.562321 0.455647
5.627973 -1.563089
-17.995635 15.292927
-1.211316 -8.275717
6.976321 -14.958499
15.295813 -12.695483
-0.524234 -11.363375
-13.176295 8.110854
-11.244506 8.689830
2.077045 -6.713183
2.042953 -2.933906
14.730646 -2.413533
-1.258306 -6.002431
3.721053 -2.256568
-0.035821 -3.284253
-10.740376 7.805568
-5.051601 6.964529
8.939747 -12.455779
-0.849251 -0.480189
2.558231 4.578417
11.310518 2.166095
-6.835178 7.402187
6.325226 3.766076
-7.079824 -0.938522
-2.112164 0.082267
0.764723 0.557090
4.791929 3.338873
-3.102674 3.424437
-11.522950 9.053528
-0.669223 7.077788
9.480810 -0.503724
7.592394 3.324326
-1.597786 -1.230377
-4.588360 0.834553
2.269219 3.812769
5.750228 -3.721194
1.403347 -5.824405
11.390450 -8.538019
8.996905 -7.888127
-4.512939 1.665585
-8.610699 3.840659
-2.415552 -4.986536
-5.348801 -0.960674
1.606519 -5.470497
-8.904637 15.184953
5.185674 -4.527913
9.953140 -7.576310
3.098640 5.090976
8.717684 7.657531
-1.371826 1.317269
7.787233 -4.780977
8.237604 -10.996691
-0.372693 3.683409
2.845326 8.702437
16.839466 -17.629938
14.815272 -9.252755
1.970520 9.707950
-4.864318 0.910327
6.588039 9.111681
9.768592 4.051196
6.717555 0.109237
7.406574 -3.193001
-3.944388 -4.931654
11.648981 -7.952283
-9.135866 -1.425464
-4.112781 2.596090
4.193546 -2.359649
4.779338 -4.789449
-7.234379 2.656752
-7.999543 4.018413
11.841447 -13.535099
13.259777 -10.082735
5.592398 6.364137
-1.911269 -7.196767
5.877482 -12.576881
-6.256554 -3.489891
13.922169 -9.820232
-1.495570 7.128494
-9.357827 0.573735
1.024682 0.511206
-0.538143 3.258792
-2.048442 0.169795
3.641641 8.751369
-10.981071 8.950037
7.540224 3.373274
16.617474 -7.179826
0.821735 -5.693161
-0.205753 -5.514696
-22.055156 23.288900
5.113891 -7.917406
-12.177512 5.318970
1.867917 -5.715507
0.134337 -2.789403
0.938162 5.723437
4.890072 -0.899434
-6.548041 -0.704389
9.427649 -9.839888
-8.855605 16.823620
-16.022665 -1.493481
10.739406 -0.587500
10.175576 1.090478
-1.597156 -2.239835
-16.434785 18.270000
14.422881 -18.514759
-17.530166 11.251422
-2.184186 1.309321
-2.045029 3.996881
-5.693126 10.622281
-0.019685 -5.769152
0.670992 1.652034
-26.650849 10.162429
-16.854803 2.448295
7.602106 -10.221896
5.539975 1.225432
-1.103294 9.010544
-0.742271 -5.677363
25.304887 -11.127521
3.133834 6.374483
0.034005 -9.610109
0.342401 3.343741
-14.212064 9.178612
8.563038 -8.829970
-2.833555 9.560049
-3.905387 10.080954
2.742035 -7.866686
-4.934779 11.406606
-2.300923 2.172334
-10.189267 4.318225
5.608693 -3.086897
10.225378 3.041965
0.715111 13.524595
-9.109946 2.824186
11.720534 -6.706637
7.079066 -1.624346
0.093742 -10.137374
8.907716 -9.226048
13.433776 -5.761195
3.290599 4.773863
-24.777036 14.560024
5.580174 -2.387735
-0.559211 1.852774
-3.363612 2.931503
1.817324 9.774866
0.793703 7.176873
-3.805174 -5.540258
-1.852388 4.517180
-6.038273 -3.059425
6.166879 -3.151974
-7.605444 -8.216747
-4.192684 1.088744
-9.198105 10.778808
-9.340296 17.136218
-1.749947 12.521320
1.882320 1.102181
10.580727 -1.661747
8.998394 0.442499
8.603136 2.368275
-1.068619 12.468097
-16.610621 16.412748
-0.196087 -1.595480
5.336995 -10.005415
-12.282919 13.769282
-6.829902 -1.396811
8.592430 -13.161731
1.921685 8.857357
-0.129090 -3.875694
-1.364373 -5.163340
9.550393 12.608062
9.029653 -12.271823
-4.081100 3.655486
2.710827 3.166949
-2.784731 2.942204
0.236912 -13.908551
4.581965 11.107194
-9.914089 2.248071
-5.704401 9.101295
12.734291 -14.927161
16.364158 -15.839070
-1.749967 3.322583
4.470225 0.425705
-9.878845 16.899325
-6.676693 5.607851
0.413134 -4.166658
-11.400366 11.436508
3.708248 -0.708704
-1.877419 1.466288
13.729915 -8.724658
10.024195 1.898477
10.094190 2.094089
-2.331907 1.167030
1.130306 4.159319
-1.628427 -4.424408
1.955894 -3.200160
1.821554 2.285507
16.722170 -11.035433
3.173406 -0.619966
-0.835860 3.438867
-0.835408 2.260521
-9.016222 -0.616252
-1.338107 3.700838
-8.239923 0.100639
-10.804504 12.041414
-1.216705 -6.352933
-2.510692 -2.289260
0.237931 -7.730632
2.378948 5.122516
11.411996 -7.980248
-1.272418 -1.766106
2.873524 6.912135
-0.067651 11.192915
6.873980 -18.587810
-6.354664 13.056091
4.939172 -14.750764
-1.967568 -4.927983
-10.261620 14.071182
-3.704526 5.826258
-0.905962 -5.424751
0.103947 11.756481
-1.425538 -0.448287
3.461774 -13.125719
-9.470121 -7.981606
19.085929 -5.732242
-17.510394 12.374517
-8.121873 6.575658
13.777471 -8.031706
12.168881 -7.873080
9.800827 -2.781298
-0.259865 -10.347532
3.117393 5.046245
0.677539 -1.228987
3.971597 10.201768
-5.256047 6.325644
-1.614513 10.769855
-0.713676 -6.727707
9.070449 -5.737321
-4.802409 3.351911
-15.481040 14.576520
-1.547360 -0.760020
-6.938635 9.541322
-3.212013 2.333321
4.167873 -10.834422
6.875115 -2.385997
8.939010 -3.592358
-12.432413 9.184193
-1.521930 5.065921
-2.093540 -1.815667
-2.189787 8.954973
-10.071654 5.427572
-10.282757 3.017081
-7.179792 8.014209
3.601449 0.281560
23.475426 -9.829763
11.966027 5.651614
-6.749266 12.986302
-4.469058 6.539861
-15.601869 11.720855
-0.472962 -3.212374
8.109806 -13.791698
10.915641 -2.478208
7.280662 -6.824280
-2.321042 1.826635
10.094345 -9.336440
5.087655 -12.981677
7.117771 -1.195887
-21.981412 17.538129
-2.899672 0.484608
-6.716224 13.550990
2.062743 -0.994451
-9.754797 9.386667
-0.339039 9.549176
3.392211 3.458537
-12.043942 9.717519
-3.013063 3.461959
-9.513264 0.120684
-9.831915 5.455931
6.101755 -10.513965
-13.668072 1.171530
7.128820 6.674810
16.297124 -7.441022
0.113452 -5.520986
-6.874592 9.292077
-4.088280 7.284568
7.375039 -3.474433
-1.339240 4.505092
-3.805678 3.352717
-0.944702 2.149502
-5.931612 1.789284
-0.722678 -8.416174
4.456666 -2.895060
-1.460949 5.602658
-0.407737 -10.504410
1.700896 3.180081
6.824223 -0.079294
-6.569238 -7.857759
2.889731 6.343620
-14.602917 10.958796
0.433733 10.399668
-11.784789 1.555242
-5.505399 0.250828
7.379260 -5.089049
8.508133 -11.622832
1.208953 8.763956
-4.178571 14.081289
9.631170 -12.373837
5.177078 6.807795
-3.166386 -3.686280
2.675024 4.608805
-0.576712 5.536838
6.141342 -5.357104
-6.247990 1.881444
-9.769133 -4.356143
-10.449748 8.977420
-4.244710 2.157997
9.033288 -7.421303
-6.994568 4.914655
-11.461546 6.946284
5.500079 -4.764852
-29.886319 22.002393
1.554976 3.722466
0.385547 -4.515662
1.086364 4.358476
-4.323412 8.720387
-6.769707 16.449933
-14.168663 0.859209
-11.181969 -1.394443
-3.606972 -2.695879
-1.577437 -1.862174
3.032243 4.438002
5.772406 8.954547
5.119398 -5.904701
5.985765 2.280585
-5.105443 2.038864
-9.646088 10.765037
-0.133334 0.409157
1.560044 0.711630
-7.595588 4.484463
9.598149 -15.517119
-8.978855 2.087852
-16.918476 2.491846
6.019600 -2.812173
5.155830 1.072797
-7.333839 -4.635852
-0.350818 -0.389056
-3.704879 2.714102
1.057221 -3.540773
-4.727203 -2.109867
5.518496 -0.951186
5.197053 -0.866997
-10.287445 4.020856
0.250812 -5.307784
3.881129 -2.525373
-10.590133 4.747126
-6.802995 9.350758
-5.828807 3.350994
-11.660526 6.452719
-5.067571 -5.035532
17.538306 -8.584262
0.595355 -0.445981
10.500647 -4.456075
-6.689832 10.473257
-9.286734 12.617113
5.222634 6.960082
3.140825 -7.285594
-2.849059 3.973496
5.739897 3.620916
-1.076653 -0.822604
-6.853707 -3.360339
-7.593147 2.680594
-2.899895 -0.147393
13.118061 -5.524583
-5.590338 -2.171958
7.844028 -7.131169
-6.859562 8.974807
0.773092 -1.872314
3.126674 2.814983
5.913736 9.062639
-9.556771 4.126870
-39.800943 -18.983657
-36.084704 2.435911
-1.804331 -31.070818
-42.258293 -8.690985
10.103076 -7.768105
-1.201743 -27.561953
-5.194937 -11.053728
-6.035875 1.660436
-38.589053 -0.740761
4.872814 -10.502564
6.395230 -12.369686
-34.129231 -1.048387
-10.935469 -23.296838
-32.848521 -10.614719
3.387326 -9.040269
4.725105 -16.801431
11.563387 -9.395962
-3.518097 -30.461974
2.378536 -6.358150
11.078295 -3.262658
-25.223014 -28.382290
-31.196860 -22.287439
9.628056 -3.012711
-28.763009 -24.942854
5.139698 -17.418821
-31.185110 0.005875
-1.067461 -18.850139
-21.889477 -12.971053
-7.810068 0.437407
-2.005753 -6.738411
-21.120716 -13.243431
11.412320 -10.520722
-24.477752 -17.448729
-7.996384 -8.151570
-15.543001 -9.106494
-27.740791 -28.834117
-38.914686 -27.607883
-17.532044 -26.190451
-6.942274 -2.512818
-27.865001 -3.884320
-8.130665 -0.411771
-36.875286 -23.603397
-15.156941 -7.960372
-3.773232 -28.664281
-22.040544 -15.637150
10.356532 -29.040269
-17.501831 -29.238945
-13.859447 -21.091113
0.978652 -3.654668
-1.920148 -12.761696
-39.654912 -25.942640
11.998123 -17.548067
-7.111805 -7.250053
7.041459 -2.996689
7.843791 -15.595492
-16.110340 -7.037492
-0.825755 -19.061632
-1.545839 -22.910169
-22.540742 -31.407285
2.724311 -5.973617
-18.592868 -24.650182
-37.964644 -23.199637
-8.087024 -5.645695
-24.561678 -23.585238
-15.826670 -6.184042
-11.593448 -20.323115
-4.202933 1.349605
-20.407346 -22.956099
6.388516 -11.767251
-9.136097 -20.342341
1.577883 -3.458129
2.324824 -17.680517
-38.030107 -10.365841
11.539888 -8.396176
-15.039445 -26.050523
-11.299707 -24.156697
4.909742 -22.387844
11.925947 -3.802072
-20.362026 -21.239586
-20.573519 -9.484619
8.698157 -0.864666
-27.227165 -5.771737
-13.585849 0.829417
7.936110 -10.014420
-39.864727 -23.275475
-26.624577 -4.763405
-28.306452 -22.454070
-23.145009 -0.496155
2.516175 -23.981521
-24.781564 -24.455779
10.364925 -23.907819
8.847545 -3.870434
-36.813181 -12.295984
-29.995041 -19.341487
-31.972335 -4.951399
6.819895 -21.676458
-39.520631 -6.178701
-2.939009 -12.952895
-12.363887 -19.598910
-36.482513 -30.089190
0.021897 -31.546144
-24.892346 -21.708502
-34.527039 -14.092608
-24.502930 -6.574984
-9.582583 -12.215873
8.422880 -9.384213
-3.461028 -12.154988
-38.552126 -22.183828
-41.695990 -5.473724
12.359004 -12.215873
-25.711463 -15.871075
-35.077593 -14.453642
-32.202292 -13.264794
-21.751839 -14.617069
-5.246971 -7.185965
-3.578524 -10.946913
-35.715430 0.993912
-2.314600 -30.527131
-29.963149 -15.041124
-35.148091 1.587802
-17.382656 -5.037919
-8.827250 -5.385067
-8.807108 -3.121662
-26.617862 2.431639
4.669713 -20.676672
-33.848918 -28.730506
10.460601 1.759774
-10.358058 -28.515809
-38.733406 -20.917005
-20.597018 -17.419889
-2.106464 -4.340419
-9.681616 -1.766182
-11.497772 -0.742897
-31.175039 -24.477142
-32.648778 -17.120808
-24.878918 -24.912946
3.410825 -5.071032
4.587466 -18.568148
-18.124561 0.706580
-39.876476 -4.905469
-25.966597 -14.317988
-30.347530 -9.095813
-26.567507 -26.463897
5.472045 -15.968276
3.853954 -0.588015
-10.309381 -26.924268
-17.968459 -8.629032
2.480926 1.871929
10.599918 -14.494232
-37.660833 -30.724738
-10.772652 -2.312006
-9.903180 -11.382717
-10.571230 -22.595065
0.874584 -18.949477
5.989029 -28.316065
10.737556 -30.479064
-19.507660 -20.465178
-22.779092 -32.430570
-25.061876 -25.095599
0.501953 -15.323115
-39.137928 -1.384854
-20.632267 -12.599338
-18.012101 -7.770241
-11.229209 -12.021470
-9.157918 -25.656377
-21.862621 -5.339137
7.320093 -12.749947
2.165365 -4.539094
9.653233 -5.544221
-31.658452 -10.450224
-14.233757 -2.983871
2.882092 -6.978744
-4.515137 -10.844371
-20.691015 -1.756569
11.553316 -13.849071
-28.585086 -11.498077
-5.057299 -10.072100
9.787515 -12.821512
-27.577975 -14.643773
-31.354640 -1.840953
-33.157369 -27.284234
-2.784585 -8.296838
-11.875439 -10.724738
12.305292 2.497864
-9.599368 -14.512391
-13.614383 -30.900983
3.295007 -1.256676
-12.189322 -23.505127
-42.206259 0.165029
2.462462 -29.006088
-35.304193 -2.592929
-21.511811 -5.818735
-38.911328 -21.070818
-41.610385 -29.871288
-22.159719 -32.281030
-29.843974 -12.388913
-1.445128 -20.085986
-18.332698 -28.483764
2.984481 -18.683508
-24.907453 0.200278
-9.656438 -12.746742
5.498901 -12.033219
-29.498199 -21.243858
-29.625767 -10.562380
-6.452147 -9.476073
-0.676366 -15.013352
-14.368038 -26.356014
-19.406949 -16.015275
11.640599 -1.454283
-41.281396 -29.935377
-37.407376 -18.871502
-25.055162 0.129780
3.278222 -12.427366
-15.319758 -18.685644
8.085498 -14.231468
-36.306269 -2.366482
-19.514374 -6.150929
12.265007 -24.491028
-40.839946 -16.212882
-35.989029 -20.059282
-23.786203 0.538881
-41.377071 0.479064
0.466704 -5.316706
0.194784 -6.224631
-8.723182 -30.958663
-39.594485 -13.108844
-4.127400 -27.763833
-26.747108 -6.899701
-24.345149 -20.330592
-14.462035 -0.598697
9.455168 -0.126576
4.872814 -12.542726
9.184927 -8.288293
-25.634251 2.181692
-19.118244 0.410703
-9.241844 -15.313501
-33.390683 -7.138966
-39.807657 -21.178701
-14.848094 -24.814676
-41.650670 -26.990493
-12.976547 -21.970199
4.177908 -13.391903
-23.286004 -32.457274
-36.091418 -22.497864
-12.328639 -32.472228
-0.387661 -29.826426
7.966323 -4.288079
-31.018937 -19.073382
-17.866070 -5.374386
5.574435 -0.470519
-12.872478 -9.952467
-28.757973 -11.048387
-7.108448 -7.516022
9.953688 -12.540590
-34.518647 -20.343410
4.713355 -5.260094
-1.750618 0.465178
1.853160 -28.692053
-36.000778 -31.611301
9.341029 -17.088763
-31.344569 -10.187460
-31.626560 -20.875347
-0.662938 -9.785836
9.970473 -27.111194
-7.623753 -26.282311
-19.244133 -29.808267
-20.801798 -6.038774
-0.312128 -3.391903
-4.439604 -18.255181
-15.083087 -10.067827
-37.905896 -22.555544
-32.472533 -24.392758
-8.332087 -31.356014
11.346858 -20.819803
11.455962 -14.040269
-39.436705 -12.506409
-19.717475 -27.466887
-20.617161 -27.161397
-25.874279 -24.849925
-39.617985 -23.215659
-9.703436 -2.541658
-24.126942 -12.095172
8.243278 -6.741615
-41.091723 -4.879833
-7.538148 -29.674749
-36.803110 -14.128925
-9.525513 -17.255394
-41.367000 -9.148152
11.333430 -17.788400
-38.337275 -20.496155
2.647099 -28.716620
7.197562 -11.988357
-3.429136 -25.957595
-8.704718 -31.003525
-27.262413 -12.865307
-8.645970 -10.350887
3.622318 -13.338496
-7.019486 -12.503204
10.249107 -21.110340
-39.685125 -9.454711
-31.213645 -4.748451
3.994949 -23.996475
5.945387 -15.407498
-11.534700 -5.694830
-41.351894 -6.847362
-17.092273 -22.345119
-19.012497 -9.765542
-37.558443 -0.178915
-41.121937 -24.961013
-1.136280 -13.627964
-24.578463 -32.372890
7.615513 -7.888806
-27.576296 -5.514313
-39.775765 -25.113758
-28.951003 -13.349178
-41.088366 -27.463683
-12.932905 -19.109699
-17.394406 -2.849284
-41.325037 -18.131275
-33.951308 -6.607028
-22.644810 -19.203696
-33.726386 -19.897992
-15.267724 -21.472442
-21.897870 -13.131275
-4.087115 -16.437193
-22.072436 -25.170370
12.268365 -27.069536
-22.510529 -16.608097
-30.879620 -3.569216
6.848430 -7.906964
-18.676794 -7.820444
-26.701788 -15.660649
-32.819987 -16.043046
-24.578463 -17.776650
-41.318323 -16.702094
-25.993454 -20.866802
-41.457640 -13.182546
4.052019 -5.593356
-8.019883 -13.275475
-5.428251 1.699957
-16.279870 -0.002670
-4.570528 -9.667272
-1.789224 -0.809122
-12.105396 -18.692053
-21.530274 -4.655522
-31.814554 -22.777718
-38.407773 -19.041337
-24.340114 -17.206259
-38.656194 -16.494873
-15.074694 -29.769814
0.819193 -27.552339
-6.448790 -3.858684
-19.358272 -24.767678
4.622715 -5.774941
-24.326685 -29.771950
-39.163106 -24.551912
-14.304254 -17.928327
-10.604801 -15.066759
8.030107 -17.603610
-30.656377 -12.729652
7.575228 -13.585238
-9.330805 -25.521790
-7.778176 -16.687140
1.787698 -21.666845
-10.873363 -14.063768
-5.302362 1.274834
-35.210196 -22.269280
-40.507599 -32.379299
-20.573519 -27.596133
-32.539674 -10.693762
-41.398892 -0.710852
-0.516907 -2.152852
-22.426603 -15.141530
-11.047929 -18.218863
1.349605 -26.617710
-29.060106 -13.717689
-24.118549 -7.824717
-18.179952 -5.841166
-16.582003 -30.588015
-13.943373 -0.015488
-17.565615 -10.004807
-30.594272 -23.450652
0.137715 2.402799
-19.767830 -24.624546
-31.982406 -2.964644
-16.860637 -9.504913
-41.607028 -21.005661
-33.320185 2.218009
12.436216 -14.227195
4.317225 -29.881970
-12.365566 -2.173147
-4.615848 -18.059709
-9.815897 -7.497864
-4.743416 -22.347255
5.237053 -10.727943
-18.560976 -9.632023
5.517365 -13.232749
-35.181661 -26.656163
-23.749275 -10.438475
7.766579 -20.201346
-18.122883 -9.824290
-41.679205 -25.272912
-12.476348 -0.716193
2.202292 -24.520936
0.703375 -10.425657
-28.195669 -24.720679
-28.803293 -13.750801
-1.032212 -3.562807
-40.386746 -5.383999
10.687201 -27.555544
-42.429502 -2.253258
-5.497070 -19.301965
-20.028001 -5.313501
-37.205954 0.042192
-22.638096 -2.848216
2.684027 -5.122303
-31.190146 -9.783700
0.765481 -9.964217
-1.688513 -15.067827
-20.590304 -6.856975
-14.856487 -6.633732
-26.181448 -11.305811
6.188772 -15.983230
1.577883 0.555971
-19.348201 -1.918928
-11.083178 -7.886670
10.165181 -5.460906
-14.592959 -14.216514
-40.260857 -10.474792
-18.713721 -3.882183
-27.453764 -12.040696
-10.833079 -16.805704
8.970077 -7.104785
-20.679266 -19.455779
-7.083270 -24.434416
0.261925 -25.686285
-24.131977 -13.404721
-36.140095 -32.114399
-23.390072 -23.664281
-23.307825 -16.323969
7.118671 -5.194937
-18.154775 -18.671758
-2.403562 -10.808054
-22.094256 -30.972549
-33.900952 -25.595492
-35.661718 -27.857830
-19.274346 -30.383999
-0.003281 -4.075518
-15.153584 -13.710211
-36.067919 -3.528626
-31.655095 -14.351100
10.307855 -3.307520
5.334407 -13.947340
-13.476745 -23.527558
-18.700293 -6.739479
-38.610874 -11.228904
-39.822764 -30.960799
-32.536317 -9.142811
-30.703375 1.096454
4.345759 -17.574770
-12.318567 -20.213095
2.096545 -25.219504
-39.339351 -5.404294
-33.461180 -2.162465
-33.721351 -14.173788
5.641575 -15.872143
-28.551515 -30.506836
-36.311304 -18.431425
-36.663793 0.874279
12.494964 -25.836894
3.946272 -30.313501
1.334498 -27.595065
3.342006 2.382504
-40.141682 -32.443388
-30.463347 -10.517518
-4.330500 -8.434629
-19.546266 -6.522645
0.788980 -18.211386
-24.039659 -14.783700
-6.237297 -27.705084
-9.549013 -0.729011
-28.420591 -4.076586
-11.081500 -3.746529
-11.851939 -26.169088
-17.978530 -2.464751
-6.447111 -8.235954
-31.925336 -9.645909
-14.211936 -20.261162
-7.536470 -6.231040
9.208426 -0.616855
-17.567293 -6.573916
1.410031 -19.368191
-22.267144 -4.372463
-42.254936 -27.982803
-24.924238 -21.361354
-24.776528 -8.743324
6.883679 -8.265862
-15.029374 -19.646977
2.291253 -30.075304
0.015183 1.959517
-4.129078 -30.141530
-27.423551 -8.827708
12.061907 -25.153279
-22.393033 -30.473724
-29.261528 -25.516449
-18.213523 0.380795
-13.058794 -8.151570
-30.303888 -12.597201
-19.824900 -6.269494
-38.610874 -4.585025
11.301538 -13.129139
-21.924726 -29.730293
-12.550203 -9.328669
-14.861522 -7.984939
-12.051683 -20.649968
-20.785012 -26.973403
-38.283563 -25.987503
-26.468474 -29.621342
-5.879772 -7.407071
-6.760994 -10.883892
3.709601 -31.845225
-0.040208 -9.310511
11.865520 -26.488464
-32.749489 -1.752297
10.782876 -12.376095
-28.766366 -1.984085
-32.227470 -3.240226
-31.938765 -16.518372
-18.641545 -19.119312
2.496033 -18.406858
-27.888501 -16.784341
-30.731910 -12.298120
-31.265679 -11.495941
1.482208 -1.529054
-12.686163 -17.138966
2.729347 -0.552767
-40.740913 -9.248558
2.188864 -8.454924
-29.149068 -27.976394
-40.608310 -16.869793
4.901349 -30.511109
-17.109058 -3.043687
-2.522736 -30.000534
-25.476470 -16.370968
5.169912 -25.495087
-6.452147 -29.131062
-24.145405 -14.950331
-32.712561 -9.753792
-36.563082 -15.812326
-12.417600 -29.373531
4.547182 -0.230186
-15.289544 -19.944990
2.618564 -19.411985
-36.972640 -9.726020
-7.612003 -4.164174
-24.971236 0.612583
-24.783242 -6.147725
-26.940138 -24.540162
-26.763894 -16.871929
-19.605014 -22.957167
-12.219535 -23.969771
5.898389 -17.281030
-39.916761 -1.774728
-21.021683 -21.485260
-30.310602 -5.740761
9.082537 -6.878338
-1.436735 2.275689
-18.584475 -0.929823
-8.644292 -26.678594
3.125477 -24.701453
-20.187460 -6.758705
-3.336818 -12.158193
11.768166 -32.419889
9.540773 -12.151784
-17.278588 -17.475433
-22.797555 -11.349605
-9.562441 -17.713630
-41.759774 -28.889660
-9.441588 -24.042405
-36.358303 -31.044115
-21.303674 -25.739692
-40.673772 -1.679662
-28.042924 -5.818735
-11.331599 -31.788614
-29.610660 -3.043687
4.224906 -28.866161
-3.701056 -7.620701
-39.607913 -29.432279
6.928999 -0.110553
-23.779489 -15.465178
-1.552553 -5.585879
-34.933241 -8.030869
-13.275323 -17.553407
-29.634159 -3.893933
-37.125385 -13.689917
-0.825755 -3.386563
4.003342 -22.924055
-12.248070 -10.315638
-22.836161 -10.866802
10.885266 -7.201987
6.979354 1.835612
-5.841166 -31.610233
-10.129780 -3.766823
-24.090014 -6.870861
-14.581210 -17.668767
-41.915876 -12.973189
-12.232963 -15.136189
7.704474 -20.887097
-27.423551 -6.970199
-21.844157 -21.140248
-12.521668 2.183828
7.061602 -24.876629
-28.496124 -22.066332
4.889599 -28.232749
6.464049 -24.378872
6.079669 -13.261589
-29.274957 0.648900
-18.141346 -6.231040
-41.610385 -17.373959
-3.501312 -21.542940
-5.696814 -26.191519
-33.786813 -17.072741
-32.113330 -0.213095
12.419431 -4.211173
-33.731422 -12.105853
8.585696 -18.374813
4.656285 -28.673894
-27.616581 -23.285089
-5.564211 -20.594424
12.364040 -14.780496
-8.023240 -13.020188
-4.145863 -12.462615
-26.423154 -1.570711
12.348933 -29.933241
4.569002 -25.770669
-15.960952 -26.918928
-7.011093 -9.433348
-7.224265 -4.071245
5.848033 -10.062487
5.116199 1.297266
8.417844 -31.754433
-40.275964 -2.257530
4.537111 -8.667486
-1.178243 -12.785195
-11.621982 -23.592715
-7.106769 1.781137
-29.330348 -3.614078
10.410245 -18.709143
-15.173727 -7.446593
1.742378 -3.823435
5.958815 -31.442534
-35.999100 -27.878124
-36.771218 -28.810617
11.038011 -19.178060
-1.460234 -14.084063
-34.709998 -26.469237
-3.012864 -2.364345
-14.260613 -13.349178
-27.905286 -5.365841
-21.360744 -23.962294
1.253929 -8.801004
-34.711676 -5.711921
-25.646001 -13.139821
-21.461455 -27.308802
-3.894086 -27.258599
12.254936 -2.920850
-0.045244 -27.034288
-29.546876 -10.706580
-35.881603 -13.387631
-24.642247 -1.511963
2.694098 -6.834544
-8.966567 -21.019547
-37.716224 -8.047960
1.886731 -21.119953
-2.848369 -6.487396
-22.297357 1.196860
-6.670354 -31.617710
-15.541322 -28.329951
-25.315332 -13.731574
2.628636 -14.977035
-33.605533 -8.940931
-22.814341 -31.146657
-36.203879 -30.343410
-8.944746 -13.096026
-32.903912 -4.892651
-13.809091 -29.095813
-40.114826 -8.026597
-30.973617 -2.272485
11.957839 -0.565584
-40.484100 -28.945204
-0.634404 -24.911878
-39.532380 -0.703375
2.217399 -15.093463
-23.596530 -21.049455
-6.841563 -2.679449
-26.344264 -9.834971
-12.984939 -13.087481
-24.063158 -21.328242
-20.429167 -14.326533
-32.940840 -19.144948
-34.053697 -17.705084
-39.920118 -3.858684
-28.462554 -27.532044
-40.453887 -6.554689
1.002152 -9.339351
11.074938 -4.104358
3.242973 -28.669622
9.985580 -4.463256
-22.127827 -29.939650
-41.788308 -7.753151
-8.884320 -2.433775
11.200827 -21.410489
6.631901 -2.945418
-41.001083 -10.200278
-40.797983 -12.094104
-41.687597 -29.356441
-23.205435 -3.861888
-40.329676 -1.639073
-31.089434 -30.374386
-23.534425 -16.595279
-28.244346 -1.444670
-39.899976 -17.787332
-26.866283 -10.952254
-2.099750 -1.290857
2.593387 -14.519868
-16.922742 -11.232109
-20.256279 -25.596561
-31.576205 -5.637150
-3.746376 -19.420530
-32.041154 1.595279
-25.536897 -11.915723
-21.740089 -25.641423
-16.889172 -28.059709
-26.307337 -27.178488
-11.887188 -6.734138
-12.751625 -31.532258
-11.101642 -21.616642
-23.774453 -0.087054
-21.768624 -25.105213
-30.552309 1.200064
-38.980148 -19.857402
-24.722816 -18.180410
-34.929884 -4.927900
-17.908032 -4.856334
4.236656 -6.070818
-29.506592 -20.488678
-18.030564 -27.213736
-6.067766 -6.315424
-9.290521 -22.644200
-28.024461 -14.123585
5.096057 -6.953108
-32.047868 -31.907178
-25.543611 -17.240440
-9.822611 -20.004807
-27.428587 -9.629887
-21.536988 -21.008866
-19.856792 0.372250
5.186697 -14.200491
2.969375 -3.343837
-22.441710 -7.812967
-8.724860 -19.117176
-29.622410 -4.903333
-11.821726 -26.568575
-19.041032 -21.102863
-27.250664 2.377163
-39.560915 -0.031510
-9.347591 -1.522645
-41.769845 -14.669408
-17.201376 -13.363063
-31.227073 -5.445952
-39.963759 1.814249
-22.629704 -3.343837
-10.710547 -20.169301
-40.727485 -18.799936
-20.843760 -3.918500
-1.228599 -19.659795
-4.588992 -17.430570
7.481231 -19.011429
-5.607852 -3.716620
-21.436277 -31.132771
-20.268029 -5.659581
-18.896680 -21.363491
-34.579073 -21.095386
6.329768 -28.177206
-19.361629 -7.685858
-30.068896 -23.224204
-5.649815 -14.588229
-17.810678 -2.638859
-4.865947 -15.468383
-19.898755 -15.392544
-5.807596 -14.878765
-11.724372 -26.956313
-32.971053 -2.539521
-7.242729 -24.076586
-3.242821 -12.552339
-20.439238 -13.938795
-25.496612 -2.071673
2.073046 -8.485900
-0.112384 -16.477783
4.085589 -32.191305
12.031693 -5.566652
-22.344356 0.943709
-40.922193 -2.806558
-37.469481 -22.131489
-28.309809 -32.175283
-28.674047 -21.300470
-21.520203 0.390408
7.205954 2.334437
-11.141926 -18.632237
-16.733070 -15.271844
-13.735237 -27.124012
-14.636601 1.535463
-2.747658 -19.834971
-27.447050 -30.673467
-5.626316 1.368831
-38.067034 -2.878124
-21.624271 -20.019761
12.050157 2.429502
7.635655 -1.969131
6.606723 -11.466033
-29.676122 -19.589297
-17.302087 -17.748878
-32.731025 -16.654027
-39.708625 -21.161611
0.968581 -12.550203
-37.843791 -21.675390
3.748207 -11.635868
5.972243 -30.058214
0.510346 -29.579684
-12.160787 -16.104999
9.050645 -3.677099
8.902936 -2.814035
-31.582919 -1.713843
-35.693609 -12.298120
-41.724525 -6.359218
-8.788644 -6.693548
9.738838 -4.671545
-9.941786 -19.872356
-9.349269 -9.708930
-19.140065 -28.221000
-34.223228 -8.790323
3.667638 -1.271630
-25.115589 -25.451292
4.985275 -30.472655
-40.846660 -9.591433
-40.680486 -31.867656
-11.069750 -22.890942
7.612156 -5.980026
-16.754891 -13.976180
-18.282342 -0.674535
9.101001 -0.416044
-33.258080 -25.271844
-34.018448 -22.039628
5.346156 -6.708502
-36.442228 -17.627110
-9.174703 -1.027024
-21.956618 -4.508118
-1.864757 -15.952254
-14.806131 -13.086413
9.594485 -7.867443
-19.593265 -15.817667
-0.515229 -3.951613
-16.127125 -2.702948
-5.725349 -2.761696
-8.711432 -22.790536
-27.336268 -24.045610
-31.948836 -28.736915
-7.811747 -31.064409
12.447966 -8.961226
-33.409146 -26.205405
-39.228568 0.581606
-24.298151 -8.170797
-10.129780 -4.514527
-18.010422 -21.514100
5.044023 -14.215445
0.584201 -21.812113
-26.169698 -6.855907
-18.092669 -32.259667
-16.422544 -19.703589
-41.298181 0.046464
-16.677679 -1.793954
-8.379086 -2.660222
-32.086474 -21.070818
-29.872509 -4.339351
-40.131611 -15.366909
-42.080370 -20.212027
-3.083361 -9.250694
-15.407041 -29.648045
-24.296472 -21.278039
-27.245628 -7.659154
-0.357448 -23.670690
-32.668920 -8.276543
-18.666723 -18.962294
-18.740577 -5.592288
-27.410123 -0.635014
9.295709 -20.754646
-27.532655 -2.282098
-35.841319 -30.676672
-28.679083 -2.329096
-23.260826 -11.775796
-28.670690 -28.840526
-10.448698 0.512177
-28.544801 -21.444670
-34.802316 -26.861248
-12.662664 -4.918287
-30.953475 2.002243
-15.959273 -26.437193
-37.189169 -24.641636
12.169332 -26.050523
-1.691870 -21.664708
-14.702063 -2.399594
-11.950972 0.231254
-5.814310 -13.208182
-38.056963 -26.156270
-9.251915 -22.576907
-13.206503 -31.454283
12.249901 -9.621342
-2.203818 -8.697394
-1.297418 -0.480132
-16.189230 -12.618564
-11.096606 -18.217795
5.576113 -15.047533
-31.864910 2.344050
-6.410184 -4.691839
-12.070147 -9.686499
-40.089648 -2.090899
-4.066973 -2.053514
-34.446471 -28.011643
-3.717841 -31.177633
-17.268517 -11.067614
-21.491668 -17.032151
-16.350368 -22.862102
-39.601199 -30.608310
10.059435 -21.410489
-32.193899 -5.992843
5.317621 -16.137043
-33.118763 -26.611301
-11.851939 -10.228050
11.667455 -7.630314
-35.174947 -3.619419
-37.444304 -29.099017
-5.977126 -7.397458
-26.429868 -1.808908
-34.008377 -2.897351
3.909345 -25.455565
5.374691 -6.286584
-8.231376 -16.075091
-40.734199 -31.896496
-9.112598 -32.352596
-20.158925 -10.104144
-17.229911 -17.773446
3.195975 -13.036210
-14.906842 -3.188955
-31.341212 -3.869366
4.219871 -11.812113
10.274285 -23.023392
12.333827 -11.164815
-10.312738 -27.012925
-7.867138 -29.038133
-32.856914 -13.254112
9.559236 -7.960372
-10.185171 -31.596347
-27.467193 -5.236595
-30.807443 -15.857189
-28.830149 1.937086
6.737648 -16.161611
-22.565920 -5.767464
-40.477386 -30.344478
-35.297479 1.297266
-19.898755 -15.205618
-4.782022 -25.814463
-2.719123 -10.905255
-39.116108 -30.424589
-17.953352 -14.273125
10.381710 -31.264153
10.376675 -24.311579
-26.931745 1.729865
-12.904370 -0.680944
-32.351680 -30.208823
-32.423856 -18.451720
11.046403 -23.606601
6.433836 -9.872356
-9.518799 -0.081713
-25.035020 -6.494873
-40.779519 -1.555757
-18.436766 -27.378231
-26.062273 -20.405362
-33.214438 -1.677526
-15.818278 -29.071245
-12.662664 -26.420103
-18.077563 -16.168020
-19.344844 -17.704016
-13.377712 -23.618351
-25.654393 -1.138112
-36.188772 -21.835612
-27.848216 -29.793313
-32.344966 -2.504273
-14.290826 -30.432066
0.443205 -20.974685
-6.215476 -1.329310
5.415153 3.488969
16.350007 12.460562
9.167333 17.648712
16.253418 4.945900
1.352812 18.421103
1.921786 6.707849
19.648885 7.883963
4.797867 17.598925
2.638883 6.318029
20.203962 6.631147
3.170090 2.827806
0.608364 11.485781
3.700571 4.842840
6.080348 4.845812
8.635222 3.925329
15.794351 11.211427
5.655617 11.285679
13.789663 7.717515
5.006639 27.234891
1.459243 1.234028
14.336329 7.875910
1.032028 0.401966
39.723082 10.725265
2.535317 26.722888
7.189605 5.174190
0.901597 11.193651
5.178799 0.504472
1.720773 7.643835
3.470816 19.933767
8.675107 13.481800
0.571782 0.533401
13.635740 9.118601
17.067032 8.837736
1.826451 14.047441
8.177591 3.455283
9.569957 11.601949
0.015882 0.174555
33.021128 0.203790
0.457399 2.827806
13.109272 14.598273
5.414628 43.688987
15.955572 0.824081
16.403374 3.346367
2.737913 9.184140
1.576461 2.190548
14.623269 0.363597
3.894648 8.860658
13.316314 61.344973
39.079723 8.416880
1.988210 14.103554
10.916176 28.480945
20.735687 32.117902
0.225616 6.571502
18.977407 28.397043
3.133283 5.197770
4.573095 11.671322
10.412657 20.524344
15.660496 0.826070
0.989148 19.044816
4.397698 6.441056
18.294810 2.426975
3.176796 3.082480
1.562893 4.875088
1.713525 6.116852
24.302437 4.873100
2.888730 23.436080
4.699243 10.286372
4.862673 3.043925
8.988048 4.784563
2.012813 3.322513
33.895766 29.605599
5.870667 7.196497
6.775524 26.379898
2.262230 0.206593
38.765561 4.575506
5.161909 2.455413
28.195434 35.619926
11.619491 4.985012
4.798360 9.646537
2.757597 0.314032
2.285600 0.182011
2.047209 7.540809
5.942838 20.469835
6.283645 4.949404
0.795952 4.683143
12.991101 6.765914
7.820386 5.221920
1.227815 7.520071
18.327188 2.859440
7.124677 2.456194
3.088296 1.855067
1.297065 4.453758
9.374019 13.293225
30.428149 4.306209
41.785771 1.962553
0.644755 2.746344
0.411183 10.965392
1.428215 26.910142
13.277094 17.325990
3.291503 9.365451
5.618079 4.191853
9.061794 42.130283
6.882457 0.323799
4.769800 6.768315
1.873821 1.525853
7.645146 31.068843
19.087951 3.753734
0.997574 22.900597
9.091293 54.413501
4.318422 0.392439
0.019857 11.206746
7.798396 0.792648
2.193968 13.792087
8.885858 4.782593
1.991561 5.347721
17.868580 10.453373
2.274483 4.845812
2.786589 1.610820
5.530151 15.748550
0.800910 9.890521
8.178974 1.450418
5.848186 6.645373
13.066344 8.492224
13.887082 3.612589
2.931599 6.168182
7.113483 3.976979
8.520803 5.707867
5.826301 67.336155
0.463471 23.247098
4.938396 1.171042
17.369232 3.250023
35.760697 12.500962
7.800393 16.926749
6.305408 4.104980
0.116031 4.752114
22.423896 9.984504
11.120077 37.302204
13.634547 0.304274
41.395096 5.800649
4.459000 7.115348
7.349335 0.575337
5.070282 0.592160
27.073485 7.108511
4.618034 27.546531
7.980432 41.414271
12.637179 3.991980
15.969125 14.497612
4.977479 6.424217
2.013186 1.911805
5.304574 20.548137
0.395614 2.165883
4.443758 10.937108
14.682718 9.944824
3.451834 15.091103
15.870159 1.372747
0.381970 25.447381
26.753854 26.265320
4.020224 0.345574
5.262645 10.842802
15.018216 3.370706
3.130361 0.713674
1.019517 2.364539
3.968806 29.736087
9.932457 0.717280
6.116289 2.394351
8.238618 0.472106
4.801813 4.591433
18.629302 4.464721
12.365524 3.306359
3.326343 22.179774
5.740324 8.371663
13.567951 5.346158
9.536637 5.790297
34.078419 0.342099
5.498368 4.768325
31.819372 24.548150
4.375929 5.983837
5.061672 22.840501
13.254095 9.616953
0.674420 1.135765
3.461752 23.648170
13.716014 1.277279
0.076589 13.586933
8.400607 16.991636
28.118961 4.057245
2.986164 6.821299
3.213342 5.203930
3.247489 3.997440
3.475567 1.916240
3.667046 16.163897
6.731154 20.012481
0.533079 1.683867
8.040946 10.237830
17.772469 7.007753
5.645951 3.293623
25.675468 10.946223
2.317870 5.896500
1.512353 3.893747
39.125420 21.413488
8.908890 9.294078
6.996074 5.238396
1.075093 11.560167
14.714569 0.121590
3.398104 6.519236
3.340824 27.133132
11.934587 0.521498
2.473375 0.420728
0.406097 16.724821
2.264909 4.643736
30.872957 1.148081
26.114563 1.799744
3.172604 3.407540
3.760844 2.772485
3.021193 19.100309
6.057951 0.710725
16.768799 14.361960
0.367396 4.229982
0.435380 7.522013
6.499342 6.403931
3.077496 1.536879
6.849107 13.381249
17.463276 6.242540
3.762622 7.979755
13.783606 1.719685
2.721874 8.973813
11.019444 14.341450
17.204194 2.434758
0.230924 48.403491
3.842524 25.994752
34.618067 20.781911
11.410989 3.596396
42.746844 15.826982
14.641726 2.284833
10.562472 0.605121
0.466348 9.004556
7.797730 0.713346
5.670671 17.451035
12.954248 11.811530
8.436018 13.884635
18.724127 27.087218
2.063326 6.390045
2.420753 6.572091
16.598851 1.049300
26.865239 2.989456
7.427922 4.222996
6.324920 7.482594
0.019857 3.601207
12.052045 11.326328
7.446541 3.063805
18.743996 3.258051
2.424252 22.858492
3.499357 6.455596
2.135232 10.628508
14.936338 4.413819
21.063828 12.818071
18.833898 4.277146
1.838548 5.080929
2.030370 2.952487
11.452151 2.215655
9.120120 0.404825
17.329443 8.339992
3.706317 24.316316
19.380369 7.088650
4.962930 19.376131
12.834579 0.208463
21.634085 1.720773
17.301856 9.940700
7.931070 0.503188
6.261930 23.200406
11.833429 0.453566
2.524704 3.052618
1.167612 0.837678
22.774809 37.757715
7.039170 0.401330
3.851043 9.565985
6.258505 14.129849
12.179148 20.808769
4.842840 1.093801
14.853776 0.782412
4.120175 2.768056
4.678757 2.108066
4.636940 10.190369
15.967619 13.869965
1.782951 28.867466
7.701680 6.202170
7.881278 3.752846
11.461748 21.963399
17.963784 3.252557
11.497337 0.338626
6.069703 14.159984
12.023566 1.885238
17.119304 3.544496
2.860253 15.031928
26.214814 1.545780
4.771767 21.246066
10.864486 2.446444
0.861600 12.259935
2.897697 9.938226
1.773472 28.043069
19.059174 15.365361
3.368568 5.976068
13.397549 11.668381
5.568957 18.000644
0.663000 8.116935
5.577483 9.434986
10.543184 3.607334
22.213482 5.219348
15.689761 0.237173
1.422584 56.013866
7.336615 0.422001
4.978483 7.298551
4.041689 9.995277
0.498054 12.840087
17.001656 0.081511
0.355688 9.085992
1.790614 10.891658
2.040096 2.201952
0.240611 10.980021
12.842292 0.561769
11.677207 83.177356
9.835695 35.706320
0.594427 7.722798
0.613879 8.645360
4.406229 14.210413
9.807174 6.414359
0.889248 15.016846
9.780356 3.581977
1.715337 16.379794
0.666588 9.455391
12.137970 9.686656
9.819387 18.357757
6.883065 1.524431
3.551458 2.969722
6.889141 12.378144
26.534739 2.500378
5.807192 1.775294
4.595298 9.107973
39.034234 3.476863
6.181763 10.950784
4.026157 16.059953
8.888085 4.619488
22.107128 3.551458
39.546370 3.032346
15.708830 7.463264
7.271992 32.832211
21.767741 3.310607
2.723076 7.070066
0.966264 2.858628
3.411402 5.075857
9.152841 2.896881
6.917748 12.940880
22.524980 0.692719
4.125245 2.089619
0.704501 4.610289
5.932890 4.507738
4.761936 24.103323
6.559733 0.676706
7.912874 7.405497
6.208982 1.628762
13.233441 0.506398
4.869623 8.800877
11.723424 14.977193
3.174281 1.642420
0.318127 6.615759
5.251287 9.416187
1.186150 11.785711
38.575912 11.350037
6.380220 2.275249
16.711828 10.872630
3.801378 7.622229
6.232859 0.895921
0.042511 3.920812
4.341008 1.723310
0.090745 4.085216
1.774201 5.740324
3.916747 1.069318
2.807985 7.090510
15.139530 19.422850
2.462048 0.496450
2.779736 16.870523
7.028070 1.059813
1.759998 5.142496
0.087358 23.891443
5.697071 7.594145
10.820265 1.720773
0.641175 7.397181
0.501262 34.273865
8.140327 13.613093
18.736044 6.267640
8.578209 8.913354
3.122852 3.697920
13.798150 20.884853
3.043511 37.851362
1.802667 2.798290
10.870820 2.115982
6.880635 11.325380
0.192272 3.512790
2.467124 12.713060
3.899605 32.856651
22.076551 6.559733
4.307148 0.309624
43.498050 0.443033
18.037640 19.707844
2.613881 4.137239
2.254962 0.236860
22.037770 1.161783
0.623619 11.221733
0.363597 0.369296
2.227469 6.142766
2.213750 9.914345
3.356181 3.423859
5.286952 37.986682
42.834950 18.467427
1.029322 30.383463
13.839472 1.140553
15.593508 29.523439
27.647761 19.312773
1.235063 14.685368
7.970269 4.096243
0.623294 13.832167
2.880992 0.901597
27.532152 11.599028
24.544596 1.723673
0.607066 12.499896
5.309243 10.140607
8.625818 11.090428
19.547075 14.986750
5.814831 0.921991
0.354423 9.229353
31.451232 4.712434
2.354492 3.991070
26.320323 3.539712
0.770868 5.540237
17.060307 4.233710
0.111092 11.509872
26.418384 0.865925
5.400478 1.362950
0.467627 0.842657
3.531888 1.113908
7.646457 7.095473
18.845946 5.365971
4.211364 53.667393
2.870414 16.081265
22.151771 19.096188
4.900961 10.794184
3.532323 2.685481
12.709796 4.008826
28.731558 4.570203
0.075359 14.023843
16.419124 4.808228
1.442307 24.298970
8.194890 24.895256
12.803786 18.277711
22.213482 0.221247
14.836269 8.648258
0.230612 6.719196
0.522784 24.626637
21.243512 2.243498
5.434578 2.579853
23.713338 8.678014
19.670681 3.804056
33.627893 13.663224
4.901957 7.634663
3.829536 6.113477
8.591891 0.747820
1.467368 6.166485
26.127040 13.789663
7.346154 3.524071
15.036045 1.420473
6.753314 2.328650
57.820567 4.473310
26.290668 2.166262
1.706646 6.470157
24.825595 19.123006
5.482514 10.390204
6.505774 0.543708
19.869013 0.959879
1.617634 0.903935
5.392625 0.850296
4.748188 4.185358
2.414146 17.695165
2.342913 1.395529
6.721586 10.171784
2.530206 13.369623
15.651733 1.470196
2.297881 3.640219
12.677215 30.269465
6.880635 9.976224
22.656465 10.772652
7.417665 6.598623
5.209067 4.487163
5.789208 7.320737
5.095650 12.896450
4.823047 5.294204
1.099250 17.901433
3.463478 3.032346
29.688440 11.880375
14.587768 24.089736
0.177661 13.761830
25.856087 2.499986
8.262993 2.237770
13.440756 29.862253
15.211913 8.462303
17.325990 3.201146
8.985799 2.770874
1.255803 9.067838
9.497904 5.069775
6.307702 11.910457
0.690757 1.904418
7.805054 18.247385
18.306226 4.579847
0.787694 26.031781
5.103273 8.127936
23.012737 3.379688
16.101095 31.907999
12.836782 2.237007
6.659619 22.160163
1.523365 13.670406
1.314452 1.709904
18.344372 0.693701
1.797552 2.496069
6.141074 10.875346
4.767342 6.880635
0.882245 14.707925
0.581481 9.530303
18.801840 6.126421
1.138843 40.324264
8.776624 7.205275
15.249704 7.326450
0.381970 12.595150
2.478066 20.786789
8.247665 9.058018
7.998073 50.938723
16.293809 3.079157
14.894295 4.575988
3.972891 5.505246
1.309581 16.697231
10.485542 1.319326
1.433145 1.307146
10.624975 5.051045
1.665465 5.849829
19.924810 3.952027
6.654868 11.838413
7.322007 11.131218
23.535138 23.974986
31.123563 9.751183
13.945993 16.963300
2.581828 15.922519
4.113265 7.213433
6.220914 0.522462
19.677229 8.596937
23.941485 2.542004
8.503646 5.955009
1.474439 4.894984
5.097174 6.040069
4.884036 12.001247
13.325565 3.186445
6.899479 6.349076
10.391067 2.710262
5.535458 7.253065
1.857639 3.135789
14.817449 5.108867
34.387288 17.365765
4.327827 10.815763
0.219063 11.223608
2.217559 9.501849
9.133805 21.220556
0.506719 17.188861
2.400557 15.373877
12.456319 17.781497
15.779553 4.928900
4.048549 3.141219
15.014106 27.662306
0.034239 21.504812
4.366479 0.690103
11.730325 9.977052
8.486518 4.496728
30.351666 5.274016
7.566141 10.646192
5.229125 7.253695
4.671938 24.980237
5.703007 5.647024
3.604270 0.953163
0.621020 0.317182
4.118332 11.793648
7.124055 16.191594
0.273176 7.935118
4.947402 1.863888
18.488730 6.676264
36.578406 7.567441
6.307702 4.374984
7.934443 0.739272
12.105149 1.853964
3.557990 40.818192
2.209562 15.499611
12.498831 1.707008
14.063619 23.490281
27.769624 30.661169
4.741812 13.505329
1.000272 1.552907
17.815877 3.033999
0.072592 9.542975
23.426546 3.090375
3.543626 26.643697
0.968281 2.145817
4.306679 4.216946
28.334575 48.024658
0.752096 4.433293
13.575065 22.107128
33.627893 5.436154
17.243487 5.407812
5.654005 18.878146
1.319326 7.226626
17.110855 9.058018
3.908623 0.841993
1.650336 24.662518
1.933628 16.190053
0.277568 8.073735
3.895549 9.135326
10.244629 7.967561
3.285142 7.857145
5.336266 2.542004
17.176951 8.891797
2.039721 6.590361
6.374445 28.861994
5.863533 43.357203
4.249101 6.159138
8.394953 3.915393
0.301443 18.718174
7.639248 13.632161
13.238027 0.834360
0.753741 8.448797
5.872863 18.403787
13.309382 20.538613
3.217131 3.871248
18.684508 6.815264
13.987932 2.851319
15.691227 0.427733
2.825782 6.442219
10.420441 23.506278
2.994807 34.492401
8.485092 25.612026
16.634221 7.934443
35.566307 15.373877
9.612163 2.439431
21.279327 13.975578
3.508455 5.568957
7.807719 16.284474
3.629246 1.352463
10.267609 15.593508
18.769885 25.925179
2.027379 12.088779
6.027793 2.630542
6.071383 10.078542
6.021104 11.945666
0.703191 8.043674
0.721215 17.072079
7.585019 5.671209
4.265451 0.341152
4.080626 23.268963
9.814500 1.759998
0.018328 28.944390
15.637145 7.520071
0.933711 15.055281
0.180146 9.762518
9.136087 6.892180
2.454243 9.755230
14.680068 8.583968
24.516218 10.192060
12.646903 16.664868
14.561552 0.222495
22.768859 17.358837
6.201603 8.448086
18.829885 11.765895
2.017292 44.649320
2.179536 16.896943
4.852256 5.719756
4.829475 9.455391
0.973998 7.144610
0.910619 1.335009
5.796834 7.254956
16.298480 1.691815
10.799575 4.229982
8.271365 48.403491
3.079572 18.050621
2.711062 4.251435
9.450678 27.286161
5.627182 8.770019
8.878440 7.280205
4.935396 18.482916
10.132197 2.259169
27.239541 1.419066
17.192266 0.124679
19.270756 0.139523
1.874925 2.450733
13.950918 28.960951
0.196940 2.324799
15.991755 22.095998
7.811051 13.477100
4.545170 3.448387
2.598436 5.163443
0.163691 42.423191
6.955611 10.187832
16.359404 1.839648
2.162473 1.880080
4.609321 59.783366
1.321764 2.025884
14.917329 26.586891
6.042861 0.877580
8.902941 4.795895
0.913962 2.385824
1.564677 16.423854
16.061473 3.852838
6.257935 16.006870
3.908172 1.942519
17.344993 3.372416
1.292896 1.554333
5.098698 5.842710
0.466348 0.591837
0.042204 4.770784
9.668984 3.070026
4.208575 2.708661
1.635230 1.734194
15.412287 14.025084
5.036895 0.632393
1.115273 24.168114
61.924846 15.015476
1.852862 13.784817
5.376415 11.820483
0.345258 28.977539
8.187967 13.504151
5.576950 2.955768
19.133340 0.809510
0.792648 5.098698
29.441949 17.812252
19.189327 6.739533
15.976663 13.702790
2.387761 9.458533
3.847904 0.788354
21.109077 9.646537
4.371203 8.530109
3.062147 14.699958
1.654656 24.417521
8.505789 3.229347
1.046588 4.903452
0.794300 4.525477
22.718421 2.723477
7.150847 29.820021
26.007079 5.865179
0.829054 7.081832
0.030871 3.876643
0.221871 2.766446
2.946749 15.366780
2.481977 1.493555
3.923522 9.111008
16.582815 0.077511
9.923397 6.351380
3.132866 0.990833
22.498889 4.140470
29.465164 4.552385
11.203003 11.412900
7.096093 0.600907
0.822425 2.149600
2.892397 8.772220
5.776693 12.026614
15.429405 4.886523
1.089716 9.306454
0.240923 18.531473
1.203346 14.636449
30.654622 16.384506
31.027999 1.154930
1.951418 20.593499
1.227125 16.998315
11.077484 44.132409
10.828372 6.803807
13.032583 6.185162
8.138949 0.715969
8.888085 74.014449
28.308662 18.894285
11.076560 18.734057
0.863263 7.379930
24.843880 9.814500
2.638883 6.582106
2.433201 36.309855
0.906942 3.614341
4.223462 8.401314
0.981739 12.435130
5.538113 10.042653
3.578484 23.138486
4.436146 7.415102
41.299766 7.627462
2.163231 6.452686
14.272537 3.129944
25.474634 1.360502
5.318589 1.818761
9.977879 22.202233
1.535456 16.397080
7.656296 15.184011
6.292803 6.296812
16.066037 15.124285
6.608074 2.407543
11.036912 4.325945
12.596226 2.569194
18.342461 1.994913
3.105767 2.565643
8.459458 13.598815
6.673885 4.078331
6.326644 15.606579
21.944208 2.405990
6.047329 4.320773
7.267573 17.500089
18.633236 4.197424
6.860615 10.956259
0.504472 4.776687
39.202048 15.891070
17.078811 21.006307
2.306717 7.859154
7.848444 0.486834
22.380885 2.153385
8.051181 20.569599
11.698814 7.261893
21.824414 10.714567
21.982627 6.770718
7.294120 2.945519
1.524431 0.591837
6.458506 7.939842
4.621425 2.584594
19.862338 3.469089
9.607376 5.688982
2.370726 24.843880
0.373730 5.482514
1.772379 4.341008
13.860197 8.134818
27.110149 7.328991
15.538507 20.531476
7.714874 7.643835
18.194535 12.486058
2.626176 2.815261
0.022915 3.824614
1.645658 2.106935
3.729332 1.880817
9.736628 8.323142
2.031865 6.711431
0.847971 3.620037
8.470131 10.849122
1.233337 19.314878
54.771963 0.184187
8.269969 14.137374
2.292890 13.183132
1.553620 9.108731
10.774444 2.713064
9.482137 6.223188
8.554489 38.027637
20.359363 6.069143
13.201397 18.623406
0.249994 4.818599
15.358271 1.582179
20.524344 2.446444
3.042683 5.909167
13.490029 5.184435
0.182632 1.283870
2.272184 9.875762
3.715163 37.276791
9.045945 1.205756
2.934054 14.755861
17.433574 0.856944
19.489054 43.982406
5.788663 5.503129
4.423313 11.702747
5.338868 2.269503
0.839337 17.327716
10.064338 0.931031
7.805720 15.679508
7.887992 3.398533
0.036689 10.647077
25.775409 0.991507
2.376530 16.005357
2.953717 10.081050
7.483884 5.194691
11.397624 24.494986
1.925855 8.970819
35.386122 13.498264
17.584746 7.692455
7.423433 10.423902
2.692669 5.933995
17.068714 4.701684
1.492492 12.832376
3.895549 0.355372
1.704474 1.450418
3.713835 7.570694
23.009689 4.942398
8.196276 4.167749
68.418291 23.328552
5.111410 2.845639
3.367286 1.447949
0.838342 1.240244
18.230367 4.042604
25.152397 3.719146
1.151162 0.181700
2.427364 18.181366
19.312773 0.707776
4.823541 17.451035
0.993529 13.163762
3.208294 5.353453
15.946547 5.511069
1.922156 10.992839
7.688504 10.314583
5.410958 8.677288
17.229803 19.751742
1.132005 16.289140
3.878442 12.464807
23.385335 1.637386
12.332997 4.283702
4.324534 6.884280
4.054041 3.342103
12.282840 1.799379
6.021104 8.865841
13.796937 4.729071
2.604374 14.158727
7.319468 22.123845
2.539250 1.313060
6.790558 4.880555
8.990298 1.362950
1.215056 12.631781
12.519088 3.832222
2.113342 9.442044
6.190261 5.183923
1.056420 24.544596
18.592015 2.419198
3.452265 37.468981
2.583804 23.644923
0.364863 3.117848
19.653240 3.024909
23.191093 17.217844
24.961701 5.529620
26.469930 9.027863
15.781032 24.954297
32.519811 4.272467
18.500369 3.177216
1.140553 1.346874
3.643294 1.487887
16.533266 29.060896
9.879860 2.182193
6.261359 14.770554
22.745092 12.931978
1.171385 4.944900
9.467182 1.904418
0.855947 2.948798
6.993617 8.231664
1.891873 25.148623
9.885599 0.820768
2.501162 1.357355
6.052918 12.382354
9.697113 1.974443
1.655016 2.573930
12.056120 10.469010
17.026750 5.171118
6.216367 0.529539
18.033934 15.650273
10.138924 8.178282
1.203002 22.352314
7.331531 4.322653
5.107341 0.997912
8.445955 12.178116
5.129744 1.983371
2.667931 5.103273
25.580455 15.263737
31.213126 8.136883
13.800576 9.745520
19.380369 6.482988
6.599213 19.635830
0.394661 9.098113
0.699263 5.384778
69.631900 1.548630
2.149600 9.460891
1.031351 8.634498
4.040775 29.635107
8.568139 5.791931
9.143699 5.073830
0.709742 10.780721
1.833781 0.291383
1.101975 32.441256
6.115164 3.831326
7.697726 5.479347
16.770432 54.627033
5.026799 16.425431
21.974382 14.142394
1.193369 13.916494
6.245389 11.917489
9.316521 5.163955
23.547992 16.088887
1.907373 9.237805
43.982406 4.178403
11.342444 2.304411
3.726231 7.515540
44.863805 10.123794
0.086435 2.705861
1.555046 3.142890
40.462915 2.063326
2.384275 13.051700